8069733866
8069702032
8068536246
8069050475
8069690828
8069663359
8069647829
8069644894
8069626237
8069593943
8069586360
8069574443
8068732463
8068752496
8068763863
8068526960
8069564700
8069546730
8069541143
8069523754
8069507408
8069500616
8069491418
8069484294
8069461638
8069456313
8069446905
8069439086
8069430874
8069424740
8062471947
8059860124
8069363145
8069350407
8069353133
8068601341
8069343907
8069330001
8069317641
8069294086
8069284907
8069277222
8069273933
8069272014
8069269256
8069257057
8069251998
8069243484